LOSTYA
LOSTYA





1 
2 
3 
2190 
0 
1 
-111 
1 
1 
0 
0 
10 
2 
0 
0 
0 
0 
0 
0 
0 
0 
0 
0 
0 
0 
0 
0 
0 
0 
0 
0 
0 
0 
0 
0 
0 
0 
0 
0 
0 
0 
0 
0 
0 
0 
0 
0 
0 
0 
0 
0 
0 
0 
0 
0 
0 
0 
0 
0 
0 
0 
0 
0 
0 
0 
0 
0 
0 
0 
0 
0 
201 
201 
17 
2 
0 
0 
26 
9 
15 
0 
16 
0 
0 
1 
0 
0 
0 
0 
0 
0 
0 
3 
0 
0 
0 
20 
0 
0 
0 
0 
0 
2 
0 
0 
0 
0 
0 
0 
0 
0 
0 
0 
0 
0 
0 
0 
0 
0 
0 
0 
7 
0 
0 
0 
0 
0 
0 
0 
0 
0 
0 
0 
230 
230 
22 
2 
3 
0 
54 
7 
50 
0 
8 
0 
0 
1 
0 
0 
0 
0 
0 
0 
2 
2 
2 
0 
0 
0 
0 
0 
0 
0 
0 
4 
0 
0 
0 
0 
0 
0 
0 
0 
0 
0 
0 
0 
0 
0 
0 
0 
0 
0 
4 
11 
0 
0 
0 
0 
0 
0 
0 
0 
0 
0 
180 
180 
15 
2 
14 
0 
18 
21 
51 
0 
2 
0 
2 
1 
0 
0 
0 
0 
0 
0 
0 
5 
5 
0 
0 
0 
0 
0 
6 
0.4 
0 
0 
4 
0 
0 
0 
0 
0 
0 
0 
0 
0 
0 
0 
0 
0 
0 
0 
0 
0 
3 
2 
0 
0 
0 
0 
0 
0 
0 
0 
0 
0 
90 
90 
3 
1 
11 
0 
12 
0 
0 
0 
0 
0 
0 
1 
0 
0 
0 
0 
0 
0 
0 
0 
0 
0 
0 
0 
0 
0 
0 
0 
0 
0 
0 
0 
0 
0 
0 
0 
0 
0 
0 
0 
0 
0 
0 
0 
0 
0 
0 
0 
2 
8 
9 
0 
0 
0 
0 
0 
0 
0 
0 
0 
100 
100 
100 
7 
1 
62 
31 
62 
30 
62 
0 
62 
0 
62 
0 
2 
0 
62 
0 
0 
0 
0 
0 
0 
0 
0 
0 
999 
0 
53 
52 
24 
24 
51 
13 
50 
50 
14 
9 
23 
23 
25 
26 
23 
14 
17 
24 
20 
24 
16 
22 
19 
27 
6 
25 
5 
24 
10 
8 
1 
2 
3 
20 
2 
20 
9 
12 
0 
16 
0 
10 
0 
8 
0 
24 
0 
8 
0 
11 
0 
0 
0 
0 
0 
0 
0 
0 
0 
0 
0 
0 
0 
0 
0 
0 
0 
0 
0 
0 
0 
0 
0 
0 
0 
0 
0 
0 
0 
0 
0 
0 
0 
0 
0 
0 
0 
0 
0 
0 
0 
0 
0 
0 
0 
0 
2 
30 
2 
2 
2 
2 
0 
0 
61 
38 
36 
38 
3 
0 
3 
33 
3 
33 
0 
0 
0 
0 
0 
0 
39 
39 
39 
39 
39 
39 
0 
0 
23 
29 
11 
11 
0 
0 
0 
0 
0 
0 
0 
0 
0 
0 
0 
0 
0 
0 
0 
0 
0 
0 
0 
0 
0 
0 
0 
0 
0 
0 
0 
0 
0 
0 
0 
0 
0 
0 
0 
0 
0 
250 
17 
3 
0 
1 
7 
19 
20 
10 
10 
16 
0 
5 
201 
0 
0 
0 
0 
0 
0 
0 
0 
0 
0 
0 
0 
0 
0 
0 
0 
0 
0 
0 
0 
0 
0 
0 
1 
1 
0 
0 
0 
0 
1 
0.85 
1 
0 
0 
0 
-10 
0 
1 
0 
0 
0 
0 
0 
1 
2 
1 
0 
14 
0 
0 
0 
0 
0 
0 
5 
153 
31 
0 
0 
0 
0 
0 
0 
207.244 
2 
2 
0 
0 
0 
834.243 
199.004 
0 
0 
0 
0 
0 
0 
0 
36 
0 
0 
0 
0 
0 
0 
0 
0 
0 
0 
0 
0 
0 
0 
0 
0 
0 
0 
0 
0 
0 
0 
0 
0 
0 
0 
0 
0 
0 
0 
0 
0 
0 
0 
0 
1 
2 
2 
1 
1 
1 
1 
1 
1 
1 
1 
0 
0 
1 
0 
1 
1 
1 
1 
1 
1 
2 
1 
1 
0 
0 
1 
1 
1 
1 
1 
1 
0 
1 
1 
1 
0 
1 
1 
1 
0 
1 
0 
0 
0 
0 
0 
0 
0 
0 
0 
0 
0 
0 
0 
0 
0 
0 
0 
0 
0 
0 
0 
0 
0 
0 
0 
0 
0 
0 
0 
0 
0 
0 
2 
0 
0 
0 
0 
0 
0 
0 
0 
0 
0 
0 
0 
0 
0 
0 
0 
0 
0 
0 
0 
0 
0 
0 
0 
0 
1 
1 
0 
0 
0 
1 
1 
0 
0 
1 
1 
1 
1 
0 
3 
1 
1 
1 
1 
0 
0 
2 
1 
9 
1 
9 
1 
0 
0 
12 
0 
6 
1 
1 
1 
0 
0 
1 
1 
2 
1 
7 
0 
3 
0 
0 
1 
0 
0 
1 
1 
1 
0 
1 
1 
2 
1 
0 
2 
1 
1 
1 
4 
2 
147 
0 
0 
0 
0 
0 
1 
2 
2 
2 
2 
0 
2 
1 
1 
0 
0 
0 
0 
0 
0 
0 
0 
0 
0 
0 
1 
9 
0 
1 
1 
0 
1 
0 
0 
0 
1 
2 
2 
0 
1 
0 
0 
2 
1 
9 
1 
0 
1 
0 
1 
1 
1 
2 
0 
3 
1 
0 
0 
0 
2 
1 
0 
0 
0 
1 
0 
0 
0 
1 
0 
1 
0 
3 
0 
1 
1 
1 
3 
1 
1 
1 
1 
7 
0 
0 
1 
0 
1 
2 
0 
0 
1 
1 
3 
2 
1 
1 
1 
0 
0 
0 
0 
1 
1 
1 
1 
1 
0 
1 
1 
0 
2 
1 
1 
1 
0 
1 
1 
1 
1 
1 
2 
1 
0 
1 
1 
1 
0 
0 
0 
1 
1 
1 
1 
1 
1 
0 
0 
0 
0 
0 
0 
1 
1 
1 
1 
1 
0 
0 
0 
0 
1 
1 
1 
0 
1 
0 
0 
0 
1 
1 
1 
1 
1 
76 
1 
1 
1 
0 
1 
2 
0 
3 
1 
1 
1 
1 
1 
1 
1 
0 
0 
1 
1 
1 
2 
1 
0 
0 
1 
0 
0 
1 
4 
0 
0 
1 
23 
1 
1 
1 
0 
1 
0 
1 
0 
0 
0 
0 
0 
0 
0 
0 
0 
0 
0 
0 
0 
0 
0 
0 
0 
0 
0 
0 
0 
0 
0 
0 
0 
0 
0 
0 
0 
0 
1 
2 
1 
1 
3 
1 
1 
1 
1 
0 
2 
1 
0 
0 
0 
0 
0 
0 
0 
0 
0 
0 
0 
0 
0 
2 
2 
1 
2 
2 
2 
2 
2 
2 
3 
2 
0 
2 
2 
2 
0 
2 
2 
2 
2 
3 
2 
2 
2 
2 
2 
0 
2 
0 
0 
0 
0 
0 
0 
0 
0 
0 
0 
0 
0 
0 
0 
0 
0 
0 
2 
2 
0 
0 
0 
0 
0 
0 
0 
0 
2 
2 
3 
2 
2 
2 
2 
2 
0 
2 
2 
2 
2 
2 
0 
0 
0 
0 
0 
0 
0 
0 
0 
0 
0 
1 
1 
0 
0 
0 
0 
1 
0 
1 
1 
1 
0 
0 
0 
0 
0 
0 
1 
1 
0 
0 
0 
0 
0 
0 
1 
1 
1 
1 
1 
1 
1 
0 
0 
0 
1 
0 
1 
0 
1 
0 
0 
0 
0 
0 
0 
0 
0 
0 
1 
1 
1 
1 
1 
1 
1 
1 
1 
1 
1 
1 
0 
0 
0 
1 
0 
0 
0 
0 
0 
0 
0 
0 
0 
0 
0 
0 
0 
0 
0 
0 
0 
0 
0 
0 
0 
0 
0 
0 
0 
0 
0 
0 
0 
0 
1 
1 
1 
1 
0 
0 
1 
0 
0 
0 
2 
0 
0 
0 
3 
1 
1 
1 
2 
1 
1 
0 
1 
1 
0 
0 
1 
0 
0 
0 
1 
1 
1 
1 
1 
0 
1 
2 
1 
168.5 
178 
168 
7 
0 
1 
1 
1 
1 
1 
0 
1 
0 
0 
1 
1 
0 
0 
0 
0 
0 
1 
1 
0 
0 
1 
1 
0 
1 
0 
0 
0 
2 
0 
0 
0 
1 
1 
0 
0 
2 
1 
0 
1 
0 
0 
0 
1 
4 
1 
1 
1 
1 
3 
1 
3 
0 
0 
1 
7 
0 
13 
36 
32 
32 
0 
0 
0 
0 
0 
0 
2 
2 
0 
0 
2 
2 
0 
0 
0 
0 
0 
0 
0 
0 
0 
0 
0 
0 
0 
0 
0 
1 
1 
0 
1 
1 
1 
1 
1 
0 
0 
0 
0 
0 
1 
0 
0 
2 
0 
1 
6 
1 
0 
0 
1 
0 
1 
0 
0 
0 
0 
0 
1 
1 
1 
1 
1 
1 
1 
1 
0 
1 
0 
0 
1 
0 
1120 
240 
2720 
760 
600 
400 
920 
640 
840 
640 
-1 
1 
1 
1 
1 
-1 
1 
0 
0 
0 
0 
0 
10009 
2 
3 
1 
0 
3 
1 
0 
1 
0 
1 
-1 
2 
1 
0 
1 
1 
0 
0 
3 
1 
0 
1 
0 
1 
0 
0 
0 
0 
0 
0 
0 
1 
0 
0 
0 
0 
0 
0 
0 
0 
0 
0 
0 
0 
0 
0 
0 
0 
0 
0 
0 
0 
0 
0 
0 
1 
0 
0 
0 
0 
0 
0 
0 
0 
0 
0 
0 
0 
0 
0 
0 
0 
0 
0 
0 
0 
0 
0 
0 
0 
0 
0 
0 
0 
0 
0 
0 
0 
0 
0 
0 
0 
0 
0 
0 
0 
0 
0 
0 
0 
0 
0 
0 
1 
0 
1 
1 
4 
0 
0 
0 
0 
6 
10 
17 
18 
0 
0 
1 
1 
0 
1 
0 
0 
0 
0 
4 
0 
1 
1 
2 
1 
1 
1 
1 
2 
0 
0 
12 
0 
0 
1 
1 
1 
1 
615 
0 
0 
1 
9 
3 
1 
0 
0 
0 
1 
6 
1 
0 
0 
2 
0 
6 
1 
0 
0 
0 
1 
1 
1 
0 
0 
0 
0 
0 
1 
1 
0 
0 
1 
0 
2 
0 
0 
1 
1 
0 
1 
1 
0 
0 
1 
2 
4 
1 
1 
1 
0 
0 
0 
1 
1 
2 
1 
0 
0 
0 
0 
0 
0 
480 
216 
2 
1 
0 
1 
0 
0 
425 
0 
1 
0 
0 
4 
1 
1 
1 
0 
0 
0 
0 
0 
1 
1 
1 
1 
1 
0 
1 
0 
1 
1 
15 
0 
50 
3 
2 
1 
1 
2 
0 
0 
1 
1 
2 
1 
1 
1 
1 
1 
1 
1 
1 
1 
1 
0 
1 
1 
0 
1 
0 
0 
3 
0 
4 
5 
0 
2 
1 
1 
1 
1 
1 
0 
0 
1 
1 
1 
0 
2 
1 
0 
0 
1 
532 
4 
28500 
5 
0 
0 
1 
0 
1 
1 
1 
1 
1 
1 
1 
2 
1 
2 
2 
2 
1 
1 
1 
0 
0 
0 
1 
0 
1 
1 
1 
1 
1 
0 
1 
1 
0 
1 
0 
1 
1 
0 
1 
1 
1 
1 
0 
0 
1 
11 
0 
0 
0 
1 
0 
0 
0 
1 
0 
0 
1 
0 
203 
99 
6 
1 
0 
0 
0 
0 
0 
0 
0 
1 
1 
1 
0 
0 
0 
0 
0 
10 
17 
18 
4 
2 
0 
0 
0 
0 
0 
0 
0 
0 
0 
0 
0 
0 
0 
0 
0 
0 
0 
0 
0 
0 
0 
0 
0 
0 
0 
0 
0 
0 
0 
0 
0 
0 
0 
0 
0 
0 
0 
0 
0 
0 
0 
0 
0 
0 
0 
0 
0 
0 
0 
0 
0 
0 
0 
0 
0 
0 
0 
0 
0 
0 
0 
0 
0 
0 
0 
0 
0 
0 
0 
0 
0 
0 
0 
0 
0 
0 
0 
0 
0 
0 
0 
0 
0 
0 
0 
0 
0 
0 
0 
0 
0 
0 
0 
0 
0 
0 
0 
0 
0 
0 
0 
0 
0 
0 
0 
0 
0 
0 
0 
0 
0 
0 
0 
0 
0 
0 
0 
0 
0 
0 
0 
0 
0 
0 
0 
0 
0 
0 
0 
0 
0 
0 
0 
0 
0 
0 
0 
0 
0 
0 
0 
0 
0 
0 
0 
0 
0 
0 
0 
0 
0 
0 
0 
0 
0 
0 
0 
0 
0 
0 
0 
0 
0 
0 
0 
0 
0 
0 
0 
0 
0 
0 
0 
0 
0 
0 
0 
0 
0 
0 
0 
0 
0 
0 
0 
0 
0 
0 
0 
0 
0 
0 
0 
0 
0 
0 
0 
0 
0 
0 
0 
0 
0 
0 
0 
0 
0 
0 
0 
0 
0 
0 
0 
0 
0 
0 
0 
0 
0 
0 
0 
1 
1 
2 
1 
0 
0 
1 
0 
0 
0 
0 
0 
0 
1 
3 
1 
1 
1 
0 
1 
0 
2 
0 
0 
268 
359 
3 
0 
0 
0 
1 
1 
1 
2 
2 
1 
1 
0 
0 
0 
0 
0 
0 
0 
1 
0 
0 
1 
1 
1 
0 
0 
1 
0 
1 
1 
0 
2 
11 
0 
0 
1 
0 
0 
0 
0 
1 
0 
0 
0 
1 
0 
0 
0 
0 
0 
1 
0 
1 
16 
0 
0 
1 
0 
0 
0 
1 
1 
1 
0 
1 
0 
0 
0 
0 
0 
0 
0 
0 
1 
1 
1 
1 
0 
0 
0 
0 
0 
0 
1 
0 
0 
1 
0 
0 
0 
0 
0 
0 
2 
1 
1 
0 
0 
0 
0 
0 
5 
0 
0 
0 
0 
1 
0 
0 
0 
0 
0 
0 
1 
0 
0 
0 
3 
0 
0 
1 
1 
1 
0 
0 
1 
0 
0 
1 
1 
0 
0 
0 
0 
0 
0 
0 
0 
1 
1 
0 
0 
0 
0 
0 
0 
0 
0 
0 
0 
0 
0 
0 
0 
0 
0 
0 
0 
0 
0 
0 
0 
0 
0 
0 
0 
0 
0 
0 
0 
0 
0 
0 
0 
0 
0 
0 
0 
0 
0 
0 
0 
0 
0 
0 
0 
0 
0 
0 
0 
0 
0 
0 
0 
0 
0 
0 
0 
0 
0 
0 
0 
0 
0 
0 
0 
0 
0 
0 
0 
0 
0 
0 
0 
0 
0 
0 
0 
0 
0 
0 
0 
0 
0 
0 
0 
0 
0 
0 
0 
0 
0 
0 
0 
0 
0 
0 
0 
0 
0 
0 
0 
0 
0 
0 
0 
0 
0 
0 
0 
0 
0 
0 
0 
2 
2 
2 
3 
0 
0 
0 
0 
0 
0 
0 
0 
0 
0 
0 
2 
2 
2 
2 
0 
0 
0 
0 
0 
0 
0 
0 
0 
0 
0 
0 
0 
0 
0 
0 
0 
0 
0 
0 
0 
0 
0 
0 
0 
0 
0 
0 
0 
0 
0 
0 
0 
0 
0 
0 
0 
0 
0 
0 
0 
0 
0 
0 
0 
0 
0 
0 
0 
0 
0 
0 
0 
0 
0 
0 
0 
0 
0 
0 
0 
0 
0 
0 
0 
0 
0 
0 
0 
0 
0 
0 
0 
0 
0 
0 
0 
0 
0 
0 
0 
0 
0 
0 
0 
0 
0 
0 
0 
0 
0 
0 
0 
0 
0 
0 
0 
0 
0 
0 
0 
0 
0 
0 
0 
0 
0 
0 
0 
0 
0 
0 
0 
0 
0 
0 
0 
0 
0 
0 
0 
0 
0 
0 
0 
0 
0 
0 
0 
0 
0 
0 
0 
0 
0 
0 
0 
0 
0 
0 
0 
0 
0 
0 
0 
0 
0 
0 
0 
0 
0 
0 
0 
0 
0 
0 
0 
0 
0 
0 
0 
0 
0 
0 
0 
0 
0 
0 
0 
0 
0 
0 
0 
0 
0 
0 
0 
0 
0 
0 
0 
0 
0 
0 
0 
0 
0 
0 
0 
0 
0 
0 
0 
0 
0 
0 
0 
0 
0 
0 
0 
0 
0 
0 
0 
0 
0 
0 
0 
0 
0 
0 
0 
0 
0 
0 
0 
0 
0 
0 
0 
0 
0 
0 
0 
0 
0 
0 
0 
0 
0 
0 
0 
0 
0 
0 
0 
0 
0 
0 
0 
0 
0 
0 
0 
0 
0 
0 
0 
0 
0 
0 
0 
0 
0 
0 
0 
0 
0 
0 
0 
0 
0 
0 
0 
0 
0 
0 
0 
0 
0 
0 
0 
0 
0 
0 
0 
0 
0 
0 
0 
0 
0 
0 
0 
0 
0 
0 
0 
0 
0 
0 
0 
0 
0 
0 
0 
0 
0 
0 
0 
0 
0 
0 
0 
0 
0 
0 
0 
0 
0 
0 
0 
0 
0 
0 
0 
0 
0 
0 
0 
0 
0 
0 
0 
0 
0 
0 
0 
0 
0 
0 
0 
0 
0 
0 
0 
0 
0 
0 
0 
0 
0 
0 
0 
0 
0 
0 
0 
0 
0 
0 
0 
0 
0 
0 
0 
0 
0 
0 
0 
0 
0 
0 
0 
0 
0 
0 
0 
0 
0 
0 
0 
0 
0 
0 
0 
0 
0 
0 
0 
0 
0 
0 
0 
0 
0 
0 
0 
0 
0 
0 
0 
0 
0 
0 
0 
0 
0 
0 
0 
0 
0 
0 
0 
0 
0 
0 
0 
0 
0 
0 
0 
0 
0 
0 
0 
0 
0 
0 
0 
0 
0 
0 
0 
0 
0 
0 
0 
0 
0 
0 
0 
0 
0 
0 
0 
0 
0 
0 
0 
0 
0 
0 
0 
0 
0 
0 
0 
0 
0 
0 
0 
0 
0 
0 
0 
0 
0 
0 
0 
0 
0 
0 
0 
0 
0 
0 
0 
0 
0 
0 
0 
0 
0 
0 
0 
0 
0 
0 
0 
0 
0 
0 
0 
0 
0 
0 
0 
0 
0 
0 
0 
0 
0 
0 
0 
0 
0 
0 
0 
0 
0 
0 
0 
0 
0 
0 
0 
0 
0 
0 
0 
0 
0 
0 
0 
0 
0 
0 
0 
0 
0 
0 
0 
0 
0 
0 
0 
0 
0 
0 
0 
0 
0 
0 
0 
0 
0 
0 
0 
0 
0 
0 
0 
0 
0 
0 
0 
0 
0 
0 
0 
0 
0 
0 
0 
0 
0 
0 
0 
0 
0 
0 
0 
0 
0 
0 
0 
0 
0 
0 
0 
0 
0 
0 
0 
0 
0 
0 
0 
0 
0 
0 
0 
0 
0 
0 
0 
0 
0 
0 
0 
0 
0 
0 
0 
0 
0 
0 
0 
0 
0 
0 
0 
0 
0 
0 
0 
0 
0 
0 
0 
0 
0 
0 
0 
0 
0 
0 
0 
0 
0 
0 
0 
0 
0 
0 
0 
0 
0 
0 
0 
0 
0 
0 
0 
0 
0 
0 
0 
0 
0 
0 
0 
0 
0 
0 
0 
0 
0 
0 
0 
0 
0 
0 
0 
0 
0 
0 
0 
0 
0 
0 
0 
0 
0 
0 
0 
0 
0 
0 
0 
0 
0 
0 
0 
0 
0 
0 
0 
0 
0 
0 
0 
0 
0 
0 
0 
0 
0 
0 
0 
0 
0 
0 
0 
0 
0 
0 
0 
190 
40115 
2.49892e+06 