LOSTYA
LOSTYA





1 
2 
3 
5738 
0 
1 
-105 
1 
1 
1 
0 
10 
2 
0 
0 
0 
0 
0 
0 
0 
0 
0 
0 
0 
0 
0 
0 
0 
0 
0 
0 
0 
0 
0 
0 
0 
0 
0 
0 
0 
0 
0 
0 
0 
0 
0 
0 
0 
0 
0 
0 
0 
0 
0 
0 
0 
0 
0 
0 
0 
0 
0 
0 
0 
0 
0 
0 
0 
0 
0 
0 
240 
240 
17 
2 
0 
0 
26 
31 
34 
0 
16 
0 
0 
1 
0 
0 
0 
0 
0 
0 
1 
5 
0 
0 
0 
0 
0 
0 
6 
0.2 
0 
6 
0 
0 
0 
0 
0 
0 
0 
0 
0 
0 
0 
0 
0 
0 
0 
0 
0 
0 
7 
0 
0 
0 
0 
0 
0 
0 
0 
0 
0 
0 
290 
290 
22 
2 
3 
0 
52 
34 
15 
0 
12 
0 
0 
1 
0 
0 
0 
0 
0 
0 
0 
6 
0 
0 
0 
0 
0 
0 
0 
0 
0 
2 
0 
0 
0 
0 
0 
0 
0 
0 
0 
0 
0 
0 
0 
0 
0 
0 
0 
0 
4 
11 
13 
0 
0 
0 
0 
0 
0 
0 
0 
0 
210 
210 
15 
2 
14 
0 
37 
21 
30 
0 
6 
0 
2 
1 
0 
0 
0 
0 
0 
0 
0 
5 
5 
0 
0 
0 
0 
0 
6 
0.2 
0 
6 
2 
0 
0 
0 
0 
0 
0 
0 
0 
0 
0 
0 
0 
0 
0 
0 
0 
0 
3 
2 
12 
0 
0 
0 
0 
0 
0 
0 
0 
0 
90 
90 
3 
1 
11 
0 
12 
0 
0 
0 
0 
0 
0 
1 
0 
0 
0 
0 
0 
0 
0 
0 
0 
0 
0 
0 
0 
0 
0 
0 
0 
0 
0 
0 
0 
0 
0 
0 
0 
0 
0 
0 
0 
0 
0 
0 
0 
0 
0 
0 
2 
8 
9 
0 
0 
0 
0 
0 
0 
0 
0 
0 
100 
100 
100 
42 
1 
0 
25 
0 
33 
0 
32 
0 
13 
0 
0 
0 
0 
0 
0 
0 
0 
0 
0 
0 
0 
0 
0 
999 
0 
18 
34 
30 
7 
31 
50 
54 
33 
53 
33 
24 
51 
50 
54 
14 
50 
23 
9 
25 
52 
23 
24 
17 
13 
20 
50 
16 
9 
19 
23 
6 
26 
5 
14 
10 
24 
1 
24 
3 
22 
2 
25 
9 
24 
0 
8 
0 
2 
0 
20 
0 
12 
0 
16 
0 
10 
0 
8 
0 
24 
0 
8 
0 
11 
0 
0 
0 
0 
0 
0 
0 
0 
0 
0 
0 
0 
0 
0 
0 
0 
0 
0 
0 
0 
0 
0 
0 
0 
0 
0 
0 
0 
0 
0 
0 
0 
62 
0 
62 
62 
0 
0 
0 
0 
61 
38 
36 
38 
3 
0 
3 
33 
3 
33 
0 
0 
0 
33 
0 
0 
39 
39 
39 
39 
39 
39 
61 
30 
23 
29 
11 
11 
2 
2 
2 
2 
2 
2 
2 
0 
0 
0 
0 
0 
0 
0 
0 
0 
0 
0 
0 
0 
0 
0 
0 
0 
0 
0 
0 
0 
0 
0 
0 
0 
0 
0 
0 
0 
0 
250 
17 
3 
0 
1 
7 
16 
20 
10 
10 
16 
0 
5 
201 
0 
0 
0 
0 
0 
0 
0 
0 
0 
0 
0 
0 
0 
0 
0 
0 
0 
0 
0 
0 
0 
0 
0 
1 
1 
0 
0 
0 
0 
1 
0.85 
0.6 
0 
0 
0 
-10 
0 
1 
1 
0 
0 
0 
0 
1 
2 
1 
0 
220 
0 
0 
0 
0 
0 
0 
6 
210 
33 
0 
0 
0 
0 
0 
0 
9.47333 
2 
2 
0 
0 
0 
1138 
1968 
0 
0 
0 
0 
0 
0 
0 
48 
0 
0 
0 
0 
0 
0 
0 
0 
0 
0 
0 
0 
0 
0 
0 
0 
0 
0 
0 
0 
0 
0 
0 
0 
0 
0 
0 
0 
0 
0 
0 
0 
0 
0 
0 
1 
2 
2 
1 
1 
1 
1 
1 
1 
1 
1 
0 
0 
1 
0 
1 
1 
1 
1 
1 
1 
2 
1 
1 
0 
0 
1 
1 
1 
1 
1 
1 
0 
1 
1 
1 
0 
1 
1 
1 
0 
1 
0 
0 
0 
0 
0 
0 
0 
0 
0 
0 
0 
0 
0 
0 
0 
0 
0 
0 
2 
0 
0 
0 
0 
0 
0 
0 
0 
0 
0 
0 
0 
0 
2 
2 
2 
1 
0 
0 
0 
0 
0 
0 
0 
0 
2 
0 
0 
0 
0 
0 
0 
0 
0 
0 
0 
0 
0 
0 
1 
1 
0 
0 
0 
1 
1 
0 
0 
1 
1 
1 
1 
0 
3 
1 
1 
1 
1 
0 
0 
2 
1 
9 
1 
9 
1 
0 
0 
12 
0 
6 
1 
1 
1 
0 
0 
1 
1 
2 
1 
7 
0 
3 
0 
0 
1 
0 
0 
1 
1 
1 
0 
1 
1 
2 
1 
0 
2 
1 
1 
1 
4 
2 
147 
0 
0 
0 
0 
0 
1 
2 
2 
2 
2 
0 
2 
1 
1 
0 
0 
0 
0 
0 
0 
0 
0 
0 
0 
0 
1 
9 
0 
1 
1 
0 
1 
0 
0 
0 
1 
2 
2 
0 
1 
0 
0 
2 
1 
9 
1 
0 
1 
0 
1 
1 
1 
2 
0 
3 
1 
0 
0 
0 
2 
1 
0 
0 
0 
1 
0 
0 
0 
1 
0 
1 
0 
3 
0 
1 
1 
1 
3 
1 
1 
1 
1 
7 
0 
0 
1 
0 
1 
2 
0 
0 
1 
1 
3 
2 
1 
1 
1 
0 
0 
0 
0 
1 
1 
1 
1 
1 
0 
1 
1 
0 
2 
1 
1 
1 
0 
1 
1 
1 
1 
1 
2 
1 
0 
1 
1 
1 
0 
0 
0 
1 
1 
1 
1 
1 
1 
0 
0 
0 
0 
0 
0 
1 
1 
1 
1 
1 
0 
0 
0 
0 
1 
1 
1 
0 
1 
0 
0 
0 
1 
1 
1 
1 
1 
76 
1 
1 
1 
0 
1 
2 
0 
3 
1 
1 
1 
1 
1 
1 
1 
0 
0 
1 
1 
1 
2 
1 
0 
0 
1 
0 
0 
1 
4 
0 
0 
1 
23 
1 
1 
1 
0 
1 
0 
1 
0 
0 
0 
0 
0 
0 
0 
0 
0 
0 
0 
0 
0 
0 
0 
0 
0 
0 
0 
0 
0 
0 
0 
0 
0 
0 
0 
0 
0 
0 
1 
2 
1 
1 
3 
1 
1 
1 
1 
0 
2 
1 
0 
0 
0 
0 
0 
0 
0 
0 
0 
0 
0 
0 
0 
2 
2 
1 
2 
2 
2 
2 
2 
2 
3 
2 
0 
2 
2 
2 
0 
2 
2 
2 
2 
3 
2 
2 
2 
2 
2 
0 
2 
0 
0 
0 
0 
0 
0 
0 
0 
0 
0 
0 
0 
0 
0 
0 
0 
0 
2 
2 
0 
0 
0 
0 
0 
0 
0 
0 
2 
2 
3 
2 
2 
2 
2 
2 
0 
2 
2 
2 
2 
2 
0 
0 
0 
0 
0 
0 
0 
0 
0 
0 
0 
1 
1 
0 
0 
0 
0 
1 
0 
1 
1 
1 
0 
0 
0 
0 
0 
0 
1 
1 
0 
0 
0 
0 
0 
0 
1 
1 
1 
1 
1 
1 
1 
0 
0 
0 
1 
0 
1 
0 
1 
0 
0 
0 
0 
0 
0 
0 
0 
0 
1 
1 
1 
1 
1 
1 
1 
1 
1 
1 
1 
1 
1 
1 
1 
1 
1 
1 
1 
1 
1 
1 
1 
1 
0 
0 
0 
0 
0 
0 
0 
0 
0 
0 
0 
0 
0 
0 
0 
0 
0 
0 
0 
0 
0 
0 
1 
1 
1 
1 
0 
0 
1 
0 
0 
-1 
2 
0 
1 
0 
3 
1 
1 
1 
2 
1 
1 
0 
1 
1 
0 
0 
1 
0 
0 
0 
1 
1 
1 
1 
1 
0 
1 
2 
1 
168.5 
178 
168 
7 
0 
1 
1 
1 
1 
1 
0 
1 
0 
0 
1 
1 
0 
0 
0 
0 
0 
1 
1 
0 
0 
1 
1 
0 
1 
1 
1 
1 
2 
0 
0 
0 
1 
1 
0 
0 
2 
1 
0 
1 
0 
0 
0 
1 
4 
1 
1 
1 
1 
3 
1 
0 
0 
0 
1 
7 
0 
13 
36 
32 
32 
0 
0 
0 
0 
0 
0 
2 
2 
0 
0 
2 
2 
1 
0 
0 
0 
0 
0 
0 
0 
0 
0 
0 
0 
0 
0 
0 
1 
1 
0 
1 
1 
1 
1 
1 
0 
0 
0 
0 
0 
1 
0 
0 
2 
0 
1 
6 
3 
1 
0 
1 
0 
1 
0 
0 
0 
0 
0 
1 
1 
1 
1 
1 
1 
1 
1 
0 
1 
0 
1 
1 
1 
1120 
240 
2720 
760 
600 
400 
920 
640 
840 
640 
-1 
1 
1 
1 
1 
-1 
1 
0 
0 
0 
0 
0 
10009 
2 
3 
1 
0 
3 
1 
0 
1 
0 
1 
-1 
2 
1 
0 
1 
1 
0 
0 
3 
1 
0 
1 
0 
1 
0 
0 
0 
0 
0 
0 
0 
1 
1 
0 
0 
0 
0 
0 
0 
0 
0 
0 
0 
0 
0 
0 
0 
0 
0 
0 
0 
0 
0 
0 
0 
1 
0 
0 
0 
0 
0 
0 
0 
0 
0 
0 
0 
0 
0 
0 
0 
0 
0 
0 
0 
0 
0 
0 
0 
0 
0 
0 
0 
0 
0 
0 
0 
0 
0 
0 
0 
0 
0 
0 
0 
0 
0 
0 
0 
0 
0 
0 
0 
1 
0 
1 
1 
4 
0 
0 
0 
0 
6 
10 
17 
18 
0 
0 
1 
1 
0 
1 
0 
0 
0 
0 
4 
0 
1 
1 
2 
1 
1 
1 
1 
2 
0 
0 
12 
0 
0 
1 
1 
1 
1 
615 
2 
0 
1 
9 
3 
1 
0 
0 
0 
1 
6 
1 
0 
0 
2 
0 
6 
1 
0 
0 
0 
1 
1 
1 
0 
0 
0 
0 
0 
1 
1 
0 
0 
1 
0 
2 
0 
0 
1 
1 
0 
1 
1 
0 
0 
1 
2 
4 
1 
1 
1 
0 
0 
0 
1 
1 
2 
1 
0 
0 
0 
0 
0 
0 
480 
216 
2 
1 
0 
1 
0 
0 
425 
0 
1 
0 
0 
4 
1 
1 
1 
0 
0 
0 
0 
0 
1 
1 
1 
1 
1 
0 
1 
0 
1 
1 
15 
0 
50 
3 
2 
1 
1 
2 
0 
0 
1 
1 
2 
1 
1 
1 
1 
1 
1 
1 
1 
1 
1 
0 
1 
1 
0 
1 
0 
0 
3 
0 
4 
5 
0 
2 
1 
1 
1 
1 
1 
0 
0 
1 
1 
1 
0 
2 
1 
0 
0 
1 
532 
4 
28500 
5 
0 
0 
1 
0 
1 
1 
1 
1 
1 
1 
1 
2 
1 
2 
2 
2 
1 
1 
1 
0 
0 
0 
1 
0 
1 
1 
1 
1 
1 
0 
1 
1 
0 
1 
0 
1 
1 
0 
1 
1 
1 
1 
0 
0 
1 
11 
0 
0 
0 
1 
0 
0 
0 
1 
0 
0 
1 
0 
203 
99 
6 
1 
0 
0 
0 
0 
0 
0 
0 
1 
1 
1 
0 
0 
0 
0 
0 
10 
17 
18 
4 
2 
0 
0 
0 
0 
0 
0 
0 
0 
0 
0 
0 
0 
0 
0 
0 
0 
0 
0 
0 
0 
0 
386 
2 
1 
1 
1 
0 
1 
0 
0 
1 
123348 
0 
0 
2 
6 
1 
1 
17977 
0 
1 
7844 
0 
2 
2 
2 
0 
1 
1 
1 
2 
0 
1 
0 
0 
0 
0 
0 
1 
1 
1 
2 
0 
0 
0 
1 
1 
0 
0 
1 
0 
1 
1 
2 
0 
0 
1 
0 
0 
0 
0 
-1 
103432 
1 
1 
31 
3328 
0 
0 
11 
1 
6174 
12269 
0 
1 
1 
0 
0 
0 
0 
0 
0 
0 
1 
0 
114423 
15610 
8191 
1 
1 
0 
2 
2 
6 
1 
1 
1 
1 
1 
1 
26 
1 
2 
0 
0 
1 
0 
0 
0 
0 
0 
1 
1309 
2 
1 
5 
0 
0 
1 
1 
0 
0 
0 
7 
6 
0 
6 
0 
1 
1 
0 
1205 
1 
0 
1 
17 
1 
0 
1 
1 
1 
663 
6 
64766 
1 
0 
0 
1 
1 
0 
3 
1 
0 
0 
0 
100 
100 
0 
0 
0 
1 
0 
0 
3 
0 
0 
1 
0 
0 
1 
0 
0 
2 
2 
2 
2 
2 
2 
0 
2 
0 
2 
2 
0 
2 
0 
0 
0 
0 
0 
0 
0 
0 
0 
0 
0 
0 
0 
0 
0 
0 
1 
1 
2 
1 
0 
0 
1 
1 
1 
2 
1 
1 
2 
1 
3 
1 
1 
1 
0 
1 
0 
2 
0 
0 
268 
359 
3 
0 
0 
1 
1 
1 
1 
2 
2 
1 
1 
1 
1 
1 
0 
0 
0 
0 
1 
0 
0 
1 
1 
1 
0 
0 
1 
0 
1 
1 
1 
2 
11 
0 
14 
1 
0 
0 
0 
0 
1 
1 
0 
1 
1 
0 
2 
9 
0 
0 
1 
0 
1 
16 
1 
0 
1 
0 
6.71073e+07 
63042 
1 
1 
1 
0 
1 
0 
1 
0 
0 
2 
1 
2 
1 
1 
1 
1 
1 
1 
0 
0 
2 
0 
0 
1 
1 
0 
1 
1 
0 
1 
1 
0 
0 
2 
1 
1 
1 
0 
1 
1 
0 
5 
0 
1 
0 
0 
1 
0 
0 
0 
0 
0 
0 
1 
1 
1 
0 
3 
0 
0 
1 
1 
1 
1 
0 
1 
0 
0 
1 
1 
0 
0 
0 
0 
0 
0 
0 
0 
1 
1 
0 
0 
0 
0 
0 
0 
0 
0 
0 
0 
0 
0 
0 
0 
0 
0 
0 
0 
0 
0 
0 
0 
1 
0 
0 
0 
0 
0 
0 
0 
0 
0 
0 
0 
0 
0 
0 
0 
0 
0 
1 
1 
0 
1 
0 
0 
0 
0 
0 
1024 
0 
0 
0 
0 
1 
1 
1 
1 
1 
1 
0 
1 
0 
0 
1 
457762 
1 
0 
0 
0 
0 
671 
1 
0 
0 
0 
0 
0 
5 
300 
0 
2 
1 
0 
1 
1 
1 
0 
0 
5 
0 
2 
0 
1 
1 
0 
22 
195 
41 
1 
1 
0 
1 
1 
1 
0 
0 
0 
0 
1 
1 
0 
0 
0 
2 
2 
2 
3 
2 
2 
0 
0 
2 
0 
0 
2 
2 
2 
0 
2 
2 
2 
2 
0 
0 
0 
0 
1 
0 
0 
0 
0 
0 
0 
1 
1 
1 
1 
1 
1 
1 
10 
1027 
1 
0 
0 
0 
2 
4 
262143 
0 
1 
1 
1 
1 
1 
1 
1 
1 
0 
1 
0 
64 
2 
0 
1 
1 
260 
17626 
39 
4 
0 
0 
0 
1 
0 
0 
0 
0 
1205 
341 
1 
233 
522302 
0 
0 
0 
1 
0 
0 
1 
3073 
1 
1 
1 
1 
0 
0 
0 
0 
0 
0 
31 
1 
8 
0 
1 
0 
233 
238 
1 
0 
1 
2 
0 
56335 
2 
2 
0 
0 
0 
0 
0 
0 
0 
3 
0 
0 
1331 
1750 
0 
1 
2 
0 
0 
0 
0 
0 
0 
0 
0 
0 
0 
0 
0 
0 
0 
0 
0 
0 
0 
0 
0 
0 
0 
0 
0 
0 
0 
0 
0 
0 
0 
0 
0 
0 
0 
0 
0 
0 
0 
0 
0 
0 
0 
0 
0 
0 
0 
0 
0 
0 
0 
0 
0 
0 
0 
0 
0 
0 
0 
0 
0 
0 
0 
0 
0 
0 
0 
0 
0 
0 
0 
0 
0 
0 
0 
0 
0 
0 
0 
0 
0 
0 
0 
0 
0 
0 
0 
0 
0 
0 
0 
0 
0 
0 
0 
0 
0 
0 
0 
0 
0 
0 
0 
0 
0 
0 
0 
0 
0 
0 
0 
0 
0 
0 
0 
0 
0 
0 
0 
0 
0 
0 
0 
0 
0 
0 
0 
0 
0 
0 
0 
0 
0 
0 
0 
0 
0 
0 
0 
0 
0 
0 
0 
0 
0 
0 
0 
0 
0 
0 
0 
0 
0 
0 
0 
0 
0 
0 
0 
0 
0 
0 
0 
0 
0 
0 
0 
0 
0 
0 
0 
0 
0 
0 
0 
0 
0 
0 
0 
0 
0 
0 
0 
0 
0 
0 
0 
0 
0 
0 
0 
0 
0 
0 
0 
0 
0 
0 
0 
0 
0 
0 
0 
0 
0 
0 
0 
0 
0 
0 
0 
0 
0 
0 
0 
0 
0 
0 
0 
0 
0 
0 
0 
0 
0 
0 
0 
0 
0 
0 
0 
0 
0 
0 
0 
0 
0 
0 
0 
0 
0 
0 
0 
0 
0 
0 
0 
0 
0 
0 
0 
0 
0 
0 
0 
0 
0 
0 
0 
0 
0 
0 
0 
0 
0 
0 
0 
0 
0 
0 
0 
0 
0 
0 
0 
0 
0 
0 
0 
0 
0 
0 
0 
0 
0 
0 
0 
0 
0 
0 
0 
0 
0 
0 
0 
0 
0 
0 
0 
0 
0 
0 
0 
0 
0 
0 
0 
0 
0 
0 
0 
0 
0 
0 
0 
0 
0 
0 
0 
0 
0 
0 
0 
0 
0 
0 
0 
0 
0 
0 
0 
0 
0 
0 
0 
0 
0 
0 
0 
0 
0 
0 
0 
0 
0 
0 
0 
0 
0 
0 
0 
0 
0 
0 
0 
0 
0 
0 
0 
0 
0 
0 
0 
0 
0 
0 
0 
0 
0 
0 
0 
0 
0 
0 
0 
0 
0 
0 
0 
0 
0 
0 
0 
0 
0 
0 
0 
0 
0 
0 
0 
0 
0 
0 
0 
0 
0 
0 
0 
0 
0 
0 
0 
0 
0 
0 
0 
0 
0 
0 
0 
0 
0 
0 
0 
0 
0 
0 
0 
0 
0 
0 
0 
0 
0 
0 
0 
0 
0 
0 
0 
0 
0 
0 
0 
0 
0 
0 
0 
0 
0 
0 
0 
0 
0 
0 
0 
0 
0 
0 
0 
0 
0 
0 
0 
0 
0 
0 
0 
0 
0 
0 
0 
0 
0 
0 
0 
0 
0 
0 
0 
0 
0 
0 
0 
0 
0 
0 
0 
0 
0 
0 
0 
0 
0 
0 
0 
0 
0 
0 
0 
0 
0 
0 
0 
0 
0 
0 
0 
0 
0 
0 
0 
0 
0 
0 
0 
0 
0 
0 
0 
0 
0 
0 
0 
0 
0 
0 
0 
0 
0 
0 
0 
0 
0 
0 
0 
0 
0 
0 
0 
0 
0 
0 
0 
0 
0 
0 
0 
0 
0 
0 
0 
0 
0 
0 
0 
0 
0 
0 
0 
0 
0 
0 
0 
0 
0 
0 
0 
0 
0 
0 
0 
0 
0 
0 
0 
0 
0 
0 
0 
0 
0 
0 
0 
0 
0 
0 
0 
0 
0 
0 
0 
0 
0 
0 
0 
0 
0 
0 
0 
0 
475 
50207 
3.46685e+06 